0.9999999 -1e-08 
0.984145 -0.001222 
0.9659143960724192 0.004232686573741947 
0.9371015771413954 -6.364394601387832e-05 
0.9035360891624369 -0.0033656835502619904 
0.8633299858395923 -0.007470135525882667 
0.8174759652005018 -0.011327097220977281 
0.7666106688087004 -0.015251379756142026 
0.7115874718902688 -0.01923879513938635 
0.6532896309032236 -0.023251497006258826 
0.5926446750959417 -0.027201484415414433 
0.5306066271800035 -0.03095874956815801 
0.46816927476827547 -0.03437968936981918 
0.4062405875275171 -0.03710885448301183 
0.34626067103899544 -0.039422018400199266 
0.28878309466912266 -0.041061041383773665 
0.23454105467654218 -0.04188124699226719 
0.18434391201851527 -0.04162632775377594 
0.13892604498706207 -0.040079727781725874 
0.09897298210683006 -0.037084725306431074 
0.06508789450891869 -0.03263676837916955 
0.038151359810751524 -0.02611480787503683 
0.018814608014904408 -0.01808403761499474 
0.005129622318201936 -0.012787301473501194 
-0.0029451344160575594 -0.0012915478527561583 
-0.00042890215938147925 0.014081496982944166 
0.020184420547059885 0.022692159387903546 
0.030031678682360168 0.0338751592917706 
0.058757927401887934 0.04469984157166956 
0.09187659340578032 0.054843167767091965 
0.13198608922140287 0.06348735483060444 
0.17814958611963883 0.07062955900853533 
0.22956927992023646 0.0758603059233673 
0.2853943398626479 0.07896105843528271 
0.3447054930979044 0.07980994626123707 
0.4063660785267743 0.07852246554246074 
0.4690499287998931 0.07521608959026055 
0.532201713153048 0.07063003187046855 
0.5947742401343985 0.06484477864084286 
0.655784804389305 0.058154169296016175 
0.7142740539052225 0.05085276253830087 
0.7693299835952696 0.04324859789600428 
0.8200920879782535 0.035659047549038564 
0.8658550846612855 0.028401374718014624 
0.9055130006014239 0.022306969882185577 
0.9398714301078887 0.014061545983099718 
0.9652396225945851 0.020454928895666375 
1.0304500596284465 0.009077431333400304 
0.996095 0.000832 
1.0000001 1e-07 
