0.9999999 -1e-08 
0.984145 -0.001222 
0.9640505409723963 0.004003883887021396 
0.9379579408974201 -0.0006876957442461021 
0.9035589589807556 -0.0031931850142198617 
0.8633223947084239 -0.007452242186501305 
0.8174712604279855 -0.01129194119893371 
0.7666077344831056 -0.01522342148463717 
0.7115855521646968 -0.019215547374173515 
0.6532883052562064 -0.023232393988580586 
0.5926435723420752 -0.027185687143909718 
0.5306067652863257 -0.030946312871942414 
0.4681661015690652 -0.034367375416213104 
0.40624245220694194 -0.03710387345362571 
0.34625953486800726 -0.039415486594764904 
0.2887827433903128 -0.041057680203436114 
0.2345393289880453 -0.04188130484278139 
0.18434018504957692 -0.04163021260889441 
0.13891849767832665 -0.04008904801914973 
0.09894438530764126 -0.03710471537531469 
0.0650324697971936 -0.032615758302186805 
0.03833529480145019 -0.026158456513476955 
0.01786329402058929 -0.017508263634542068 
0.005783779905374481 -0.012423186166078385 
-0.001015907854528707 0.00027244727650039776 
-0.005960429076900404 0.011275636403550438 
0.027213321669996186 0.024105321399766406 
0.025113150879245313 0.033986920668312964 
0.060582750883737116 0.04367344644334721 
0.09155374417128569 0.05501310481856494 
0.13206697554921984 0.06344353995095108 
0.17814934082165215 0.07062267143239842 
0.2295747149807733 0.07585934442580557 
0.28539412610350007 0.07896931441501179 
0.3447111410289465 0.07982045767467745 
0.40635635134731807 0.0785172444158172 
0.46906735817713474 0.07523424155386023 
0.5321996516824306 0.07064085202986539 
0.5947770123978937 0.06485619422925279 
0.6557868371007335 0.05816430046161088 
0.7142752578781011 0.05085905169513097 
0.769331274207065 0.04323673640177977 
0.8200640908306887 0.035648036353354194 
0.8659748214493692 0.02807368041665661 
0.9046994642244354 0.022223864926825952 
0.941691391486928 0.014079892721865363 
0.9642901492603746 0.023857819712494434 
1.0336070706365943 -0.00554338657408418 
0.996095 0.000832 
1.0000001 1e-07 
