0.9999999 -1e-08 
0.984145 -0.001222 
0.9652758835388915 0.00428728444232371 
0.9373889178886718 -0.0003074149595860676 
0.9035815266035706 -0.0032144401994018885 
0.8633098896932235 -0.007433335939849042 
0.8174743208831707 -0.011283534671541369 
0.7666077231807998 -0.015219331508610661 
0.711585668255159 -0.01921308540426787 
0.6532883392290558 -0.023230806622221222 
0.592643564841664 -0.027184473222019646 
0.5306070707621936 -0.030945353873917763 
0.46816537972822025 -0.03436584366041067 
0.4062432940064259 -0.03710372024173944 
0.34625962474394345 -0.03941383378385992 
0.2887835213010812 -0.0410556279781907 
0.2345405097029314 -0.041878966206501264 
0.18434258874429035 -0.041626961543603805 
0.1389222624626493 -0.04008490413739278 
0.09896441726698516 -0.03709686870407152 
0.06505011449777988 -0.03263966676019097 
0.03823671521668544 -0.026115504380605125 
0.018323936938991023 -0.0179750897788407 
0.005137645298648909 -0.012205138947535771 
-0.0017448326819360176 -0.0010430314939247937 
-0.0032340420247350104 0.01313173800082404 
0.024246876211736372 0.02260090298164293 
0.027228951930994467 0.03454348005420568 
0.059544757215645665 0.04424870179455987 
0.0917592492710235 0.0549330259085052 
0.13201683605743025 0.0634830020024631 
0.17815006944173814 0.07063341645749761 
0.22957169990495072 0.07586790499963893 
0.28539366709677433 0.07897302145346313 
0.3447094736540149 0.07982329971818547 
0.406358911780864 0.07852369544134483 
0.469062665669006 0.07523425129774251 
0.5322004329597169 0.07064241346028893 
0.5947767502009458 0.06485836613560128 
0.6557868765484115 0.05816751002810081 
0.7142759904351211 0.050864774845835695 
0.7693315546836176 0.043252658375713106 
0.8200775216119661 0.03566291966107777 
0.8659409751551548 0.028240788146618994 
0.9049960852659473 0.02234164781094573 
0.9410331624616779 0.013433673265526462 
0.9648900858157778 0.023075548726154478 
1.0336945198983745 0.0024957159940198897 
0.996095 0.000832 
1.0000001 1e-07 
