0.9999999 -1e-08 
0.984145 -0.001222 
0.9641351194218869 0.0010393076886235698 
0.9374290549158385 -0.0018235691994765047 
0.9036795572559988 -0.005312603071006516 
0.863448483652046 -0.008734801380780269 
0.8175483543791326 -0.012280591725605612 
0.7666634490461753 -0.0159858154209311 
0.7116278409634088 -0.019825748280599496 
0.6533208724417864 -0.02373398322986675 
0.5926706902057566 -0.0276093058735571 
0.5306212359081119 -0.03130504900262238 
0.46819692883033903 -0.03469525484602239 
0.4062390636584639 -0.037361869066749834 
0.3462726915203506 -0.039665665487258625 
0.28878473449368075 -0.04127680840661923 
0.2345419539130704 -0.042076137904291155 
0.18434095440020892 -0.04180148546167053 
0.1389208854613559 -0.040233097875925744 
0.09896415404225449 -0.03721635207554002 
0.06509332415072115 -0.032649603733370586 
0.03820546974703162 -0.026449810977052783 
0.018773123009054968 -0.01760598452380405 
0.007167887014628101 -0.014721682969433963 
-0.005278302052492339 -0.0011460083091899664 
0.003412451277629437 0.016492082492340472 
0.014815963950368969 0.021323715815154697 
0.03265753805465128 0.03358500993027857 
0.058485995251391545 0.044492306145026514 
0.09191148434363619 0.054484702646416666 
0.1320296193510315 0.06322729829726194 
0.17817610104168952 0.07035603661803704 
0.22958700426714723 0.07557866397378721 
0.28540681090398723 0.07866569957859339 
0.34469227209533987 0.07949002214783242 
0.40637560458103195 0.07822069184000235 
0.4689990065930106 0.07484979448043899 
0.5321788347185381 0.07025471979974084 
0.594727357273971 0.06442011921528262 
0.6557282798350003 0.05767850725614989 
0.7142011773319494 0.050307149723649226 
0.7692374074534765 0.04261111420825909 
0.8199837935224601 0.03491019412637472 
0.8656782822756557 0.02754961345913551 
0.9055582196080919 0.020941804446880034 
0.9396041971049032 0.015616255954824541 
0.963633438403121 0.011872220944895373 
0.9930108167947218 0.013348840664059888 
0.996095 0.000832 
1.0000001 1e-07 
