0.9999999 -1e-08 
0.984145 -0.001222 
0.964576 -0.002708 
0.9377100502167338 -0.004717 
0.9037967287338502 -0.007722294297424717 
0.8635824134469019 -0.010444278451062225 
0.8176351769968413 -0.013569077770504282 
0.7667331048755026 -0.016998274959170924 
0.7116844715247995 -0.020648447981109586 
0.6533685570548572 -0.024421608113816922 
0.5927102977540338 -0.028196459503867944 
0.5306615272925256 -0.03182285054422421 
0.46818785168624244 -0.035096369208697346 
0.40627177558341004 -0.03787541362835394 
0.34631780304241955 -0.039992849399671425 
0.2888056505700173 -0.04161731183667146 
0.2345596534217336 -0.042408566756052965 
0.18435877246736868 -0.04212615650157059 
0.13894294171464538 -0.040567543348692746 
0.0989952330904664 -0.03759136665241745 
0.06512733666192 -0.03313615865028704 
0.03786486894652188 -0.027184452251646733 
0.017255352982204868 -0.019705842757156623 
0.005015 -0.010439 
0.0 0.0 
0.00287 0.011224 
0.013692 0.022531 
0.03229122807382022 0.03377831448559597 
0.058598919307905735 0.04442398329998581 
0.09201940658974622 0.05428176104147187 
0.1321127688509864 0.06294241458585982 
0.17823541517592698 0.0700220780583161 
0.22962673989048732 0.07520426100099009 
0.28542397176614187 0.07826508022660135 
0.34466876378240807 0.0790955690143182 
0.40635180114220204 0.07761174123245364 
0.46902335514788546 0.07438399350718779 
0.5321269670477057 0.06965559099946737 
0.5946658250125444 0.06374640065738803 
0.6556393405117233 0.056895965070561376 
0.7140798846318434 0.049380395693169606 
0.7690720164874183 0.04147986299746278 
0.8197555985835755 0.03348214953964594 
0.8653456468740829 0.025668753146939217 
0.9051073724614507 0.01831938228244762 
0.9385468774763897 0.01159889582190379 
0.965201 0.007252 
0.984438 0.003289 
0.996095 0.000832 
1.0000001 1e-07 
