0.9999999 -1e-08 
0.984145 -0.001222 
0.964576 -0.002708 
0.9378893293045495 -0.004717 
0.9037508060110735 -0.008404192561347864 
0.8636545238071802 -0.010884962508896057 
0.8176537463045093 -0.013917317271515631 
0.766751071080874 -0.01726932002514105 
0.7116993426514243 -0.020869407305372102 
0.6533811398569853 -0.02460643907393949 
0.5927221686479266 -0.028354439168285603 
0.5306676520762571 -0.031961836891857755 
0.46819551077331023 -0.035201538074035886 
0.40626647712315495 -0.03802113113688393 
0.34634221046789526 -0.040074336846461486 
0.2888074309345413 -0.041711724989404175 
0.23456568815421114 -0.04249691719775507 
0.184364497581144 -0.04221354113573618 
0.13894894475098274 -0.04065769615157694 
0.09900726891921298 -0.03769176877047969 
0.06511399992833942 -0.03331599097458218 
0.03798557521980481 -0.02732430711938686 
0.016415815944835443 -0.02005080345188828 
0.005015 -0.010439 
0.0 0.0 
0.00287 0.011224 
0.013692 0.022531 
0.03218103040675086 0.033856095188420005 
0.058658509617794556 0.04441738313785975 
0.09204268046248251 0.054233390101712506 
0.13213530274191446 0.06286605002840451 
0.17825142409059586 0.06993250550709357 
0.22963653985395424 0.07510493456845777 
0.28543495026719995 0.07815346783352853 
0.3446460970053955 0.07899745467143765 
0.40636598912298727 0.07743857558430722 
0.4690156229504437 0.07426142781074582 
0.5321201259990926 0.06949376464016996 
0.5946476644890413 0.06356382885442739 
0.6556156281858023 0.056683510065888815 
0.7140469206527513 0.04912848913454403 
0.7690272257956218 0.041170911716101516 
0.8196936385474678 0.033093602583109276 
0.8652642944326923 0.025135418913096473 
0.9048373281379114 0.017653269673034162 
0.9386529720996643 0.010446909603968218 
0.965201 0.007252 
0.984438 0.003289 
0.996095 0.000832 
1.0000001 1e-07 
