0.9999999 -1e-08 
0.984145 -0.001222 
0.964387871306717 -0.0007756921272568059 
0.937520998544979 -0.002911209830576557 
0.9037033974965799 -0.006060174154868082 
0.8634981972270969 -0.009256451311800187 
0.8175765858147633 -0.01267199258212228 
0.7666853885379354 -0.01629227971108155 
0.7116451159474356 -0.020074123214617177 
0.6533352279591768 -0.023941210284405982 
0.5926813210824352 -0.027785876311573414 
0.5306364849605895 -0.03146108311448514 
0.4681881014223937 -0.0348213995718838 
0.4062592611085349 -0.03750329595733615 
0.34627398467713066 -0.03977196365072619 
0.28879307389348474 -0.04137777264290367 
0.23454513440394945 -0.042176765794382794 
0.1843437293349145 -0.04189902457767288 
0.13892395977082675 -0.04033286345524409 
0.09896839466966315 -0.037325660289768484 
0.06510143628179435 -0.032762002885766625 
0.03795856639796506 -0.026539072383590323 
0.018632923630937166 -0.018915756834040558 
0.006305425151876357 -0.012725809898289718 
-0.003333665454912499 -0.0006568681580929438 
0.0031262983088850174 0.013894473505336888 
0.014575614850364139 0.022545528926101083 
0.032435161435594044 0.033535798950443806 
0.05852840699360229 0.04443498441369384 
0.09194406906391323 0.05441839070667476 
0.1320534666442458 0.0631394216836985 
0.17819307164009648 0.07025473969934806 
0.2295989691215311 0.07546495840152713 
0.2854066854850288 0.07854725926333316 
0.3447002681520252 0.0793625956617028 
0.4063513794249286 0.07805244634342666 
0.4690149188507514 0.07470496506371356 
0.5321572741057365 0.07007575198896475 
0.594709963166001 0.06422023421936254 
0.6557012840013566 0.05744677663191338 
0.7141651827336883 0.05003366617694372 
0.7691884387967924 0.04227943404747609 
0.8199174012550137 0.034494795653943096 
0.8655737546211741 0.027011520579446977 
0.905472252514196 0.020189544508109607 
0.9390495043475738 0.014557632925474122 
0.9657825810163545 0.010050544666819653 
0.9857812972107921 0.00988623604145066 
0.996095 0.000832 
1.0000001 1e-07 
