0.9999999 -1e-08 
0.984145 -0.001222 
0.9640131991543109 0.003467932184960161 
0.9372483037870493 -0.00024081815812143702 
0.9035895739772896 -0.004294991951393597 
0.8633821457758798 -0.007985776280783037 
0.8175064297622241 -0.011731995679777122 
0.7666323211618934 -0.015558065297297476 
0.711603912544136 -0.019481954323963137 
0.6533015550660795 -0.02344896278451872 
0.5926561991773661 -0.027368347209651634 
0.5306046555046873 -0.031093197141975643 
0.46819822000240957 -0.03451811160756017 
0.4062217968966723 -0.03718576734761579 
0.34627064437350447 -0.03952131665907883 
0.288778258442209 -0.041139964584571746 
0.2345397780764533 -0.0419460249269192 
0.18434129427796436 -0.04167610469326012 
0.1389236861397365 -0.04010760348336196 
0.09897273598053685 -0.037096304872493394 
0.06507331503491848 -0.032427547087534356 
0.03854638188834018 -0.02662475153709409 
0.01833211608584129 -0.016182897762012597 
0.008357532188046126 -0.01661797177888327 
-0.006705076625953975 -0.0015167470549974798 
0.004058560583847151 0.01957597391589553 
0.013991827273999129 0.019259123862921546 
0.03307944947937479 0.034144721214527295 
0.05841722904137579 0.04441535344203043 
0.09187274157279189 0.054601605469707236 
0.13200086848280254 0.06335328889049217 
0.17815465161249244 0.07049937647071228 
0.22957306227158586 0.07573507519518369 
0.2854039503186687 0.07883437374492001 
0.344684586292546 0.07966443559715514 
0.4063998493946338 0.07843654761975749 
0.4689914027279481 0.07504776755114687 
0.5322053082388608 0.0704937917060819 
0.5947511956780532 0.06468093576666302 
0.6557637447332494 0.05797885129680389 
0.7142471339913226 0.05065576193352575 
0.7692986494026643 0.043026325231648815 
0.8200606551814894 0.0354106801213259 
0.8658160337795823 0.028209121076934296 
0.9055474689645754 0.021532055597033486 
0.9405804440456147 0.017881657247734953 
0.9597655355660986 0.011632066515092713 
1.0106562163912378 0.010557333139629758 
0.996095 0.000832 
1.0000001 1e-07 
