0.9999999 -1e-08 
0.984145 -0.001222 
0.9653832930847056 0.0038209492886663206 
0.937167280469159 -0.00035663246182536165 
0.90352315235073 -0.0039831122129228335 
0.8633803261724301 -0.007790250745844329 
0.8174929436533509 -0.011583086984618083 
0.766624930550456 -0.015445690694635469 
0.7115978545931014 -0.01939253895183731 
0.6532972813969925 -0.023376309410080426 
0.5926517012203107 -0.027306408554706153 
0.5306059441944216 -0.031043872218883172 
0.4681866609715128 -0.034465768550882556 
0.4062297237985351 -0.03715758702171367 
0.3462663094894133 -0.03948335462095792 
0.28878043043518886 -0.04111040080940336 
0.23454055847335142 -0.04192123153916844 
0.18434252977261267 -0.0416569502375899 
0.13892850039646612 -0.040099726300207916 
0.09896396697135591 -0.037082136293237124 
0.06512210854766945 -0.032594521282738854 
0.038244101983864784 -0.02628303805700143 
0.018975730490949434 -0.017281431324408233 
0.006916507092669953 -0.014975593420311411 
-0.0055329305273456 -0.0010176323521715641 
0.002330388002113312 0.016755041478386003 
0.01632393872227628 0.02126770441903537 
0.03225637496274664 0.033398740826616466 
0.05845469925064385 0.04489159932627979 
0.09184119592516977 0.05464342687149142 
0.13199892776084182 0.06342168526492069 
0.17815020870080045 0.07055221696670846 
0.22957100056888421 0.07578486773489299 
0.2853997621143439 0.07888184144814472 
0.3446928376146511 0.0797202596356859 
0.4063868693525383 0.07846938074483203 
0.46901263275902433 0.07511133758058834 
0.5322033159788445 0.07054413022783822 
0.5947602145664478 0.06474340109104328 
0.6557714706767448 0.058045779669738416 
0.7142578590657591 0.05073287825697211 
0.7693095722418487 0.04311456383890792 
0.8200881969005666 0.0355233808189213 
0.8657528347566775 0.028298792287135232 
0.9058901575663468 0.021970376525472592 
0.9394480383733672 0.016576303905937523 
0.9633652719605301 0.015132003054243549 
1.0146753854297244 0.015343629979832702 
0.996095 0.000832 
1.0000001 1e-07 
