  1.000000  0.001260
  0.985471  0.003280
  0.942728  0.009022
  0.874255  0.017635
  0.784032  0.027983
  0.677302  0.038811
  0.560268  0.048762
  0.439732  0.056320
  0.322698  0.059903
  0.215968  0.058205
  0.125745  0.050651
  0.057272  0.037641
  0.014529  0.020330
  0.000000  0.000000
  0.014529 -0.020330
  0.057272 -0.037641
  0.125745 -0.050651
  0.215968 -0.058205
  0.322698 -0.059903
  0.439732 -0.056320
  0.560268 -0.048762
  0.677302 -0.038811
  0.784032 -0.027983
  0.874255 -0.017635
  0.942728 -0.009022
  0.985471 -0.003280
  1.000000 -0.001260