[-1.434868807061872e+01 -8.535965845343849e+00 -5.780271734964068e-01
 -2.929257743274316e-01 -1.620013003902399e-01 -1.029901411171346e-01
 -7.097764255443365e-02 -5.193211567013635e-02 -3.972589975326324e-02
 -3.140012582523277e-02 -2.531458515269830e-02 -2.054329660457184e-02
 -1.648828472906907e-02 -1.310294242664642e-02 -9.436198374145076e-03
 -6.510923237511484e-03 -4.322691796413772e-03 -9.213074089842871e-04
  3.459659894826828e-03  9.198220043886908e-03  1.688479575149370e-02
  2.755501995860545e-02  4.281116335449947e-02  6.328919654214710e-02
  7.816476187502897e-02  1.355436413475139e-02 -7.534543033036922e-02
 -8.177026765274931e-02 -6.912720527172833e-02 -5.616650313670681e-02
 -4.503042356011416e-02 -3.519425805917567e-02 -2.602993529205742e-02
 -1.708955958066852e-02 -8.069824234948286e-03  1.803751744565055e-03
  1.061800614291404e-02  1.888498596192197e-02  2.860881532313880e-02
  3.965994813001068e-02  5.349439460648700e-02  7.162154871799822e-02
  9.650699526492734e-02  1.324726505346253e-01  1.874392008623815e-01
  2.780007515649823e-01  4.422733152873102e-01  8.043099325937131e-01
  1.664539700870585e+00  1.452765563410236e+01  6.112290912682219e+00
 -6.513868950369898e+01  4.437744549609634e+01  8.065419263929993e+00
  3.847495749748524e+00  2.164447339879891e+00  1.409767624053879e+00
  9.962732985467604e-01  7.467251856092344e-01  5.848749125604531e-01
  4.744033055016892e-01  3.959979971108681e-01  3.386550618689130e-01
  2.955645926701479e-01  2.630357344220688e-01  2.336634000353274e-01
  2.137949835883834e-01  1.981322158589658e-01  1.867633412606030e-01
  1.779726120285449e-01  1.708975670880513e-01  1.647429860558258e-01
  1.582074463323566e-01  1.483768390060224e-01  1.274721462287033e-01
  7.594570212131319e-02  7.618331781419130e-03  4.894399081248024e-02
  1.085074254705837e-01  1.410833813397760e-01  1.614009470515295e-01
  1.770861338761038e-01  1.914166687458051e-01  2.058807538355177e-01
  2.213491242044905e-01  2.384242387167369e-01  2.569310641330372e-01
  2.791870225044613e-01  3.024356203642883e-01  3.381344406486331e-01
  3.839697480543180e-01  4.449700021031496e-01  5.277423975464637e-01
  6.434756321879029e-01  8.115165665511290e-01  1.068335080796512e+00
  1.490226772425529e+00  2.253693486055817e+00  3.944326399646279e+00
  8.145533564471425e+00  4.346164516887686e+01 -6.653121926010408e+01]
