1.0 0.0 
0.99602 -0.000308 
0.984145 -0.001222 
0.964576 -0.002708 
0.937637 -0.004717 
0.903777 -0.007191 
0.863551 -0.010068 
0.817617 -0.013284 
0.766718 -0.016774 
0.711672 -0.020466 
0.653358 -0.024269 
0.592701 -0.028066 
0.530654 -0.031708 
0.468187 -0.035009 
0.406269 -0.037757 
0.346303 -0.039923 
0.288802 -0.041541 
0.234555 -0.042335 
0.184354 -0.042054 
0.138937 -0.040493 
0.098987 -0.037507 
0.06512 -0.033014 
0.03788 -0.02699 
0.017725 -0.019451 
0.005015 -0.010439 
0.0 0.0 
0.00287 0.011224 
0.013692 0.022531 
0.032343 0.033704 
0.058573 0.044427 
0.091996 0.054325 
0.132094 0.063005 
0.178222 0.070096 
0.229618 0.075287 
0.285418 0.078355 
0.34468 0.07918 
0.40635 0.077752 
0.469022 0.074486 
0.532136 0.069789 
0.59468 0.063897 
0.655659 0.057071 
0.714107 0.049588 
0.769109 0.041734 
0.819807 0.033804 
0.865417 0.026096 
0.90524 0.01891 
0.938669 0.012538 
0.965201 0.007252 
0.984438 0.003289 
0.996095 0.000832 
1.0 0.0 
