0.9999999 -1e-08 
0.984145 -0.001222 
0.964576 -0.002708 
0.937637 -0.004717 
0.9038958295230125 -0.006588588253423107 
0.8634530686162037 -0.009564919363195918 
0.8175901409341898 -0.012963184696890468 
0.7667057522708253 -0.016503983630859507 
0.7116564644591151 -0.020246590021208835 
0.6533456289053551 -0.024087248425959523 
0.5926891271237145 -0.02790815691675942 
0.5306501862140506 -0.031575775234643756 
0.4681744969857286 -0.03489693726217899 
0.40627965176091424 -0.03762159344284492 
0.346276732089436 -0.039836275784725615 
0.288799234568608 -0.041451128793680486 
0.23455088772313215 -0.042246577190953434 
0.18434405459318615 -0.041968608357255056 
0.13894427655119584 -0.04039869196594 
0.09898049506577791 -0.03740790404393254 
0.0650142482611045 -0.03288186330041667 
0.03802059043969927 -0.026738251000533654 
0.018307886236843884 -0.019207879370784796 
0.005015 -0.010439 
0.0 0.0 
0.00287 0.011224 
0.013692 0.022531 
0.03242881463719956 0.03368034382040395 
0.05854401794500728 0.04440405497431788 
0.09195090816200052 0.054376577651969515 
0.13207753927743923 0.06308366393219061 
0.17820803339246308 0.07018264689806351 
0.22960470600558205 0.07538698861556524 
0.2854105220564893 0.07846032515466676 
0.3447034495987928 0.07928673775141655 
0.40633001902168725 0.07790959564468916 
0.4690357376664333 0.07461972444581569 
0.5321402007069078 0.06994143989150423 
0.594697924659719 0.06407998219134983 
0.6556831696189754 0.05727966870357436 
0.7141399205348389 0.04983940185149211 
0.7691450545585311 0.04204066948270565 
0.8198939702518199 0.03415555034981833 
0.8655568262638803 0.026646369011943075 
0.9051794953742426 0.019604249858435577 
0.939012882196378 0.012538 
0.965201 0.007252 
0.984438 0.003289 
0.996095 0.000832 
1.0000001 1e-07 
